#Eb/No(dB) BitErrRate         BitErrSample  TotalSample 
 0.00      0.0839890769230769  545929     6500000 
 1.00      0.0521806153846154  339174     6500000 
 2.00      0.0286833846153846  186442     6500000 
 3.00      0.0135712307692308   88213     6500000 
 4.00      0.0054860000000000   35659     6500000 
 5.00      0.0018598461538462   12089     6500000 
 6.00      0.0005192307692308    3375     6500000 
 7.00      0.0001129230769231     734     6500000 
 8.00      0.0000179487179487     350    19500000 
 9.00      0.0000018165680473     307   169000000 
10.00      0.0000002179492392     300  2918500000 
