#Eb/No(dB) BitErrRate         BitErrSample  TotalSample 
 0.00      0.0802153333333333  360969     1500000 
 1.00      0.0720400000000000  324180     1500000 
 2.00      0.0635391111111111  285926     1500000 
 3.00      0.0548497777777778  246824     1500000 
 4.00      0.0469384444444444  211223     1500000 
 5.00      0.0391500000000000  176175     1500000 
 6.00      0.0319615555555556  143827     1500000 
 7.00      0.0254253333333333  114414     1500000 
 8.00      0.0194424444444444   87491     1500000 
 9.00      0.0141668888888889   63751     1500000 
10.00      0.0096384444444444   43373     1500000 
