#Eb/No(dB) BitErrRate         BitErrSample  TotalSample 
 0.00      0.0782460000000000   39123      500000 
 1.00      0.0565240000000000   28262      500000 
 2.00      0.0372320000000000   18616      500000 
 3.00      0.0227840000000000   11392      500000 
 4.00      0.0126160000000000    6308      500000 
 5.00      0.0059440000000000    2972      500000 
 6.00      0.0023660000000000    1183      500000 
 7.00      0.0007580000000000     379      500000 
 8.00      0.0001825000000000     365     2000000 
 9.00      0.0000371764705882     316     8500000 
10.00      0.0000041958041958     300    71500000 
