#Eb/No(dB) BitErrRate         BitErrSample  TotalSample 
 0.00      0.0393455000000000   78691     1000000 
 1.00      0.0281050000000000   56210     1000000 
 2.00      0.0186665000000000   37333     1000000 
 3.00      0.0116110000000000   23222     1000000 
 4.00      0.0061460000000000   12292     1000000 
 5.00      0.0029755000000000    5951     1000000 
 6.00      0.0011435000000000    2287     1000000 
 7.00      0.0003965000000000     793     1000000 
 8.00      0.0000915000000000     366     2000000 
 9.00      0.0000170000000000     306     9000000 
10.00      0.0000021428571429     300    70000000 
